    Time RegrasAceitas RegrasBloqueadas
   1.000        0        0
   2.000        9        0
   3.000       21        0
   4.000       31        0
   5.000       39        0
   6.000       48        0
   7.000       61        0
   8.000       75        0
   9.000       89        0
  10.000      104        0
  11.000      114        0
  12.000      126        0
  13.000      139        0
  14.000      152        0
  15.000      157        0
  16.000      170        0
  17.000      176        0
  18.000      190        0
  19.000      205        0
  20.000      215        0
  21.000      232        0
  22.000      239        0
  23.000      253        0
  24.000      269        0
  25.000      280        0
  26.000      289        0
  27.000      304        0
  28.000      321        0
  29.000      334        0
  30.000      346        0
  31.000      361        0
  32.000      373        0
  33.000      383        0
  34.000      392        0
  35.000      407        0
  36.000      424        0
  37.000      435        0
  38.000      444        0
  39.000      450        0
  40.000      461        0
  41.000      476        0
  42.000      488        0
  43.000      496        0
  44.000      513        0
  45.000      524        0
  46.000      537        0
  47.000      545        0
  48.000      558        0
  49.000      567        0
  50.000      580        0
  51.000      598        0
  52.000      614        0
  53.000      625        0
  54.000      637        0
  55.000      649        0
  56.000      662        0
  57.000      676        0
  58.000      689        0
  59.000      701        0
  60.000      715        0
  61.000      726        0
  62.000      736        0
  63.000      751        0
  64.000      765        0
  65.000      776        0
  66.000      793        0
  67.000      807        0
  68.000      817        0
  69.000      830        0
  70.000      843        0
  71.000      858        0
  72.000      874        0
  73.000      889        0
  74.000      907        0
  75.000      921        0
  76.000      932        0
  77.000      942        0
  78.000      959        0
  79.000      969        0
  80.000      988        0
  81.000     1004        0
  82.000     1012        0
  83.000     1019        0
  84.000     1038        0
  85.000     1046        0
  86.000     1058        0
  87.000     1071        0
  88.000     1089        0
  89.000     1098        0
  90.000     1108        0
  91.000     1123        0
  92.000     1131        0
  93.000     1141        0
  94.000     1149        0
  95.000     1165        0
  96.000     1180        0
  97.000     1195        0
  98.000     1212        0
  99.000     1225        0
 100.000     1235        0
 101.000     1251        0
 102.000     1264        0
 103.000     1279        0
 104.000     1291        0
 105.000     1306        0
 106.000     1316        0
 107.000     1326        0
 108.000     1337        0
 109.000     1354        0
 110.000     1371        0
 111.000     1389        0
 112.000     1400        0
 113.000     1414        0
 114.000     1428        0
 115.000     1440        0
 116.000     1453        0
 117.000     1465        0
 118.000     1478        0
 119.000     1487        0
 120.000     1499        0
 121.000     1506        0
 122.000     1517        0
 123.000     1529        0
 124.000     1544        0
 125.000     1558        0
 126.000     1568        0
 127.000     1581        0
 128.000     1596        0
 129.000     1606        0
 130.000     1622        0
 131.000     1635        0
 132.000     1645        0
 133.000     1659        0
 134.000     1671        0
 135.000     1688        0
 136.000     1697        0
 137.000     1709        0
 138.000     1714        0
 139.000     1729        0
 140.000     1745        0
 141.000     1755        0
 142.000     1769        0
 143.000     1787        0
 144.000     1807        0
 145.000     1824        0
 146.000     1839        0
 147.000     1848        0
 148.000     1857        0
 149.000     1872        0
 150.000     1890        0
 151.000     1907        0
 152.000     1921        0
 153.000     1937        0
 154.000     1951        0
 155.000     1967        0
 156.000     1979        0
 157.000     1989        0
 158.000     2000        0
 159.000     2015        0
 160.000     2026        0
 161.000     2040        0
 162.000     2056        0
 163.000     2075        0
 164.000     2088        0
 165.000     2096        0
 166.000     2104        0
 167.000     2111        0
 168.000     2126        0
 169.000     2147        0
 170.000     2161        0
 171.000     2172        0
 172.000     2185        0
 173.000     2192        0
 174.000     2203        0
 175.000     2212        0
 176.000     2227        0
 177.000     2241        0
 178.000     2255        0
 179.000     2268        0
 180.000     2278        0
 181.000     2290        0
 182.000     2301        0
 183.000     2315        0
 184.000     2327        0
 185.000     2340        0
 186.000     2350        0
 187.000     2367        0
 188.000     2377        0
 189.000     2390        0
 190.000     2404        0
 191.000     2417        0
 192.000     2429        0
 193.000     2437        0
 194.000     2450        0
 195.000     2461        0
 196.000     2477        0
 197.000     2491        0
 198.000     2501        0
 199.000     2515        0
 200.000     2530        0
 201.000     2539        0
 202.000     2556        0
 203.000     2570        0
 204.000     2585        0
 205.000     2600        0
 206.000     2609        0
 207.000     2619        0
 208.000     2628        0
 209.000     2648        0
 210.000     2662        0
 211.000     2678        0
 212.000     2689        0
 213.000     2704        0
 214.000     2714        0
 215.000     2730        0
 216.000     2739        0
 217.000     2755        0
 218.000     2767        0
 219.000     2781        0
 220.000     2792        0
 221.000     2800        0
 222.000     2808        0
 223.000     2827        0
 224.000     2838        0
 225.000     2852        0
 226.000     2861        0
 227.000     2876        0
 228.000     2887        0
 229.000     2900        0
 230.000     2914        0
 231.000     2931        0
 232.000     2944        0
 233.000     2964        0
 234.000     2971        0
 235.000     2979        0
 236.000     3000        0
 237.000     3012        0
 238.000     3016        0
 239.000     3035        0
 240.000     3045        0
 241.000     3060        0
 242.000     3067        0
 243.000     3082        0
 244.000     3098        0
 245.000     3117        0
 246.000     3132        0
 247.000     3148        0
 248.000     3160        0
 249.000     3168        0
 250.000     3184        0
 251.000     3192        0
 252.000     3203        0
 253.000     3218        0
 254.000     3230        0
 255.000     3237        0
 256.000     3249        0
 257.000     3267        0
 258.000     3277        0
 259.000     3285        0
 260.000     3292        0
 261.000     3300        0
 262.000     3310        0
 263.000     3319        0
 264.000     3329        0
 265.000     3341        0
 266.000     3356        0
 267.000     3369        0
 268.000     3376        0
 269.000     3388        0
 270.000     3401        0
 271.000     3412        0
 272.000     3424        0
 273.000     3431        0
 274.000     3441        0
 275.000     3457        0
 276.000     3467        0
 277.000     3474        0
 278.000     3482        0
 279.000     3496        0
 280.000     3509        0
 281.000     3523        0
 282.000     3539        0
 283.000     3550        0
 284.000     3562        0
 285.000     3572        0
 286.000     3589        0
 287.000     3606        0
 288.000     3613        0
 289.000     3624        0
 290.000     3634        0
 291.000     3649        0
 292.000     3673        0
 293.000     3683        0
 294.000     3686        0
 295.000     3695        0
 296.000     3710        0
 297.000     3713        0
 298.000     3722        0
 299.000     3733        0
 300.000     3745        0
 301.000     3760        0
 302.000     3773        0
 303.000     3790        0
 304.000     3797        0
 305.000     3814        0
 306.000     3826        0
 307.000     3835        0
 308.000     3848        0
 309.000     3861        0
 310.000     3881        0
 311.000     3892        0
 312.000     3900        0
 313.000     3912        0
 314.000     3923        0
 315.000     3935        0
 316.000     3950        0
 317.000     3962        0
 318.000     3970        0
 319.000     3980        0
 320.000     3989        0
 321.000     3996        0
 322.000     4006        0
 323.000     4018        0
 324.000     4034        0
 325.000     4048        0
 326.000     4053        0
 327.000     4062        0
 328.000     4069        0
 329.000     4088        0
 330.000     4096        0
 331.000     4105        0
 332.000     4113        0
 333.000     4127        0
 334.000     4140        0
 335.000     4155        0
 336.000     4165        0
 337.000     4179        0
 338.000     4192        0
 339.000     4205        0
 340.000     4229        0
 341.000     4240        0
 342.000     4256        0
 343.000     4264        0
 344.000     4279        0
 345.000     4293        0
 346.000     4305        0
 347.000     4319        0
 348.000     4334        0
 349.000     4345        0
 350.000     4360        0
 351.000     4373        0
 352.000     4383        0
 353.000     4398        0
 354.000     4410        0
 355.000     4430        0
 356.000     4445        0
 357.000     4459        0
 358.000     4475        0
 359.000     4487        0
 360.000     4495        0
 361.000     4509        0
 362.000     4522        0
 363.000     4539        0
 364.000     4552        0
 365.000     4572        0
 366.000     4584        0
 367.000     4589        0
 368.000     4604        0
 369.000     4612        0
 370.000     4627        0
 371.000     4639        0
 372.000     4652        0
 373.000     4668        0
 374.000     4678        0
 375.000     4693        0
 376.000     4705        0
 377.000     4716        0
 378.000     4723        0
 379.000     4735        0
 380.000     4746        0
 381.000     4760        0
 382.000     4766        0
 383.000     4774        0
 384.000     4789        0
 385.000     4802        0
 386.000     4816        0
 387.000     4828        0
 388.000     4842        0
 389.000     4849        0
 390.000     4860        0
 391.000     4874        0
 392.000     4886        0
 393.000     4895        0
 394.000     4909        0
 395.000     4921        0
 396.000     4934        0
 397.000     4944        0
 398.000     4960        0
 399.000     4975        0
 400.000     4979        0
 401.000     4989        0
 402.000     5000        0
 403.000     5016        0
 404.000     5031        0
 405.000     5047        0
 406.000     5057        0
 407.000     5069        0
 408.000     5080        0
 409.000     5093        0
 410.000     5102        0
 411.000     5116        0
 412.000     5126        0
 413.000     5139        0
 414.000     5158        0
 415.000     5170        0
 416.000     5179        0
 417.000     5192        0
 418.000     5206        0
 419.000     5216        0
 420.000     5227        0
 421.000     5236        0
 422.000     5245        0
 423.000     5254        0
 424.000     5267        0
 425.000     5280        0
 426.000     5291        0
 427.000     5301        0
 428.000     5311        0
 429.000     5321        0
 430.000     5337        0
 431.000     5350        0
 432.000     5366        0
 433.000     5377        0
 434.000     5389        0
 435.000     5401        0
 436.000     5408        0
 437.000     5417        0
 438.000     5434        0
 439.000     5442        0
 440.000     5456        0
 441.000     5468        0
 442.000     5485        0
 443.000     5496        0
 444.000     5505        0
 445.000     5515        0
 446.000     5525        0
 447.000     5537        0
 448.000     5546        0
 449.000     5560        0
 450.000     5576        0
 451.000     5588        0
 452.000     5607        0
 453.000     5617        0
 454.000     5628        0
 455.000     5639        0
 456.000     5647        0
 457.000     5659        0
 458.000     5668        0
 459.000     5675        0
 460.000     5688        0
 461.000     5699        0
 462.000     5714        0
 463.000     5727        0
 464.000     5742        0
 465.000     5755        0
 466.000     5773        0
 467.000     5787        0
 468.000     5801        0
 469.000     5821        0
 470.000     5835        0
 471.000     5840        0
 472.000     5860        0
 473.000     5869        0
 474.000     5881        0
 475.000     5893        0
 476.000     5909        0
 477.000     5920        0
 478.000     5924        0
 479.000     5939        0
 480.000     5945        0
 481.000     5956        0
 482.000     5968        0
 483.000     5973        0
 484.000     5985        0
 485.000     5997        0
 486.000     6010        0
 487.000     6024        0
 488.000     6038        0
 489.000     6048        0
 490.000     6067        0
 491.000     6075        0
 492.000     6088        0
 493.000     6098        0
 494.000     6112        0
 495.000     6132        0
 496.000     6142        0
 497.000     6159        0
 498.000     6165        0
 499.000     6175        0
 500.000     6190        0
 501.000     6200        0
 502.000     6215        0
 503.000     6227        0
 504.000     6239        0
 505.000     6251        0
 506.000     6269        0
 507.000     6287        0
 508.000     6301        0
 509.000     6310        0
 510.000     6320        0
 511.000     6328        0
 512.000     6338        0
 513.000     6355        0
 514.000     6367        0
 515.000     6380        0
 516.000     6388        0
 517.000     6398        0
 518.000     6410        0
 519.000     6414        0
 520.000     6424        0
 521.000     6438        0
 522.000     6451        0
 523.000     6465        0
 524.000     6475        0
 525.000     6485        0
 526.000     6497        0
 527.000     6516        0
 528.000     6529        0
 529.000     6541        0
 530.000     6553        0
 531.000     6565        0
 532.000     6575        0
 533.000     6587        0
 534.000     6598        0
 535.000     6611        0
 536.000     6619        0
 537.000     6632        0
 538.000     6645        0
 539.000     6663        0
 540.000     6676        0
 541.000     6686        0
 542.000     6701        0
 543.000     6714        0
 544.000     6722        0
 545.000     6732        0
 546.000     6747        0
 547.000     6757        0
 548.000     6774        0
 549.000     6785        0
 550.000     6796        0
 551.000     6813        0
 552.000     6827        0
 553.000     6839        0
 554.000     6855        0
 555.000     6862        0
 556.000     6872        0
 557.000     6888        0
 558.000     6904        0
 559.000     6913        0
 560.000     6930        0
 561.000     6941        0
 562.000     6951        0
 563.000     6963        0
 564.000     6980        0
 565.000     6997        0
 566.000     7007        0
 567.000     7015        0
 568.000     7033        0
 569.000     7044        0
 570.000     7063        0
 571.000     7073        0
 572.000     7081        0
 573.000     7093        0
 574.000     7110        0
 575.000     7121        0
 576.000     7138        0
 577.000     7155        0
 578.000     7166        0
 579.000     7180        0
 580.000     7191        0
 581.000     7202        0
 582.000     7222        0
 583.000     7231        0
 584.000     7238        0
 585.000     7254        0
 586.000     7264        0
 587.000     7276        0
 588.000     7286        0
 589.000     7308        0
 590.000     7322        0
 591.000     7334        0
 592.000     7351        0
 593.000     7364        0
 594.000     7375        0
 595.000     7390        0
 596.000     7400        0
 597.000     7413        0
 598.000     7423        0
 599.000     7438        0
 600.000     7447        0
 601.000     7456        0
 602.000     7465        0
 603.000     7480        0
 604.000     7497        0
 605.000     7511        0
 606.000     7524        0
 607.000     7532        0
 608.000     7554        0
 609.000     7561        0
 610.000     7573        0
 611.000     7585        0
 612.000     7592        0
 613.000     7604        0
 614.000     7615        0
 615.000     7629        0
 616.000     7645        0
 617.000     7655        0
 618.000     7670        0
 619.000     7682        0
 620.000     7700        0
 621.000     7710        0
 622.000     7721        0
 623.000     7731        0
 624.000     7745        0
 625.000     7756        0
 626.000     7764        0
 627.000     7773        0
 628.000     7785        0
 629.000     7798        0
 630.000     7813        0
 631.000     7823        0
 632.000     7837        0
 633.000     7850        0
 634.000     7860        0
 635.000     7870        0
 636.000     7882        0
 637.000     7893        0
 638.000     7905        0
 639.000     7917        0
 640.000     7922        0
 641.000     7939        0
 642.000     7959        0
 643.000     7972        0
 644.000     7985        0
 645.000     8000        0
 646.000     8020        0
 647.000     8031        0
 648.000     8040        0
 649.000     8054        0
 650.000     8068        0
 651.000     8074        0
 652.000     8089        0
 653.000     8105        0
 654.000     8122        0
 655.000     8131        0
 656.000     8141        0
 657.000     8154        0
 658.000     8167        0
 659.000     8176        0
 660.000     8190        0
 661.000     8200        0
 662.000     8211        0
 663.000     8225        0
 664.000     8235        0
 665.000     8250        0
 666.000     8266        0
 667.000     8279        0
 668.000     8295        0
 669.000     8309        0
 670.000     8324        0
 671.000     8337        0
 672.000     8350        0
 673.000     8354        0
 674.000     8367        0
 675.000     8379        0
 676.000     8391        0
 677.000     8406        0
 678.000     8419        0
 679.000     8436        0
 680.000     8447        0
 681.000     8459        0
 682.000     8469        0
 683.000     8481        0
 684.000     8496        0
 685.000     8505        0
 686.000     8512        0
 687.000     8527        0
 688.000     8539        0
 689.000     8553        0
 690.000     8564        0
 691.000     8577        0
 692.000     8592        0
 693.000     8607        0
 694.000     8625        0
 695.000     8636        0
 696.000     8642        0
 697.000     8654        0
 698.000     8666        0
 699.000     8681        0
 700.000     8689        0
 701.000     8700        0
 702.000     8707        0
 703.000     8715        0
 704.000     8728        0
 705.000     8745        0
 706.000     8760        0
 707.000     8776        0
 708.000     8789        0
 709.000     8812        0
 710.000     8821        0
 711.000     8841        0
 712.000     8851        0
 713.000     8861        0
 714.000     8876        0
 715.000     8889        0
 716.000     8899        0
 717.000     8911        0
 718.000     8922        0
 719.000     8938        0
 720.000     8946        0
 721.000     8957        0
 722.000     8974        0
 723.000     8987        0
 724.000     9004        0
 725.000     9015        0
 726.000     9037        0
 727.000     9045        0
 728.000     9051        0
 729.000     9061        0
 730.000     9072        0
 731.000     9088        0
 732.000     9097        0
 733.000     9105        0
 734.000     9117        0
 735.000     9131        0
 736.000     9146        0
 737.000     9160        0
 738.000     9174        0
 739.000     9185        0
 740.000     9196        0
 741.000     9210        0
 742.000     9222        0
 743.000     9234        0
 744.000     9242        0
 745.000     9250        0
 746.000     9265        0
 747.000     9281        0
 748.000     9297        0
 749.000     9312        0
 750.000     9323        0
 751.000     9332        0
 752.000     9342        0
 753.000     9352        0
 754.000     9364        0
 755.000     9376        0
 756.000     9381        0
 757.000     9394        0
 758.000     9412        0
 759.000     9419        0
 760.000     9435        0
 761.000     9443        0
 762.000     9454        0
 763.000     9459        0
 764.000     9477        0
 765.000     9492        0
 766.000     9504        0
 767.000     9516        0
 768.000     9528        0
 769.000     9538        0
 770.000     9558        0
 771.000     9571        0
 772.000     9586        0
 773.000     9593        0
 774.000     9603        0
 775.000     9616        0
 776.000     9626        0
 777.000     9640        0
 778.000     9648        0
 779.000     9665        0
 780.000     9679        0
 781.000     9698        0
 782.000     9714        0
 783.000     9727        0
 784.000     9737        0
 785.000     9755        0
 786.000     9766        0
 787.000     9783        0
 788.000     9794        0
 789.000     9805        0
 790.000     9816        0
 791.000     9827        0
 792.000     9839        0
 793.000     9851        0
 794.000     9865        0
 795.000     9870        0
 796.000     9880        0
 797.000     9894        0
 798.000     9906        0
 799.000     9931        0
 800.000     9940        0
 801.000     9955        0
 802.000     9971        0
 803.000     9983        0
 804.000     9996        0
 805.000    10009        0
 806.000    10029        0
 807.000    10040        0
 808.000    10048        0
 809.000    10061        0
 810.000    10074        0
 811.000    10087        0
 812.000    10103        0
 813.000    10120        0
 814.000    10137        0
 815.000    10149        0
 816.000    10162        0
 817.000    10172        0
 818.000    10187        0
 819.000    10200        0
 820.000    10213        0
 821.000    10229        0
 822.000    10240        0
 823.000    10251        0
 824.000    10265        0
 825.000    10275        0
 826.000    10292        0
 827.000    10306        0
 828.000    10321        0
 829.000    10336        0
 830.000    10349        0
 831.000    10365        0
 832.000    10379        0
 833.000    10394        0
 834.000    10402        0
 835.000    10419        0
 836.000    10430        0
 837.000    10438        0
 838.000    10445        0
 839.000    10461        0
 840.000    10473        0
 841.000    10487        0
 842.000    10494        0
 843.000    10512        0
 844.000    10529        0
 845.000    10543        0
 846.000    10553        0
 847.000    10565        0
 848.000    10578        0
 849.000    10589        0
 850.000    10607        0
 851.000    10620        0
 852.000    10634        0
 853.000    10643        0
 854.000    10656        0
 855.000    10666        0
 856.000    10680        0
 857.000    10696        0
 858.000    10717        0
 859.000    10732        0
 860.000    10746        0
 861.000    10757        0
 862.000    10769        0
 863.000    10785        0
 864.000    10798        0
 865.000    10811        0
 866.000    10827        0
 867.000    10838        0
 868.000    10851        0
 869.000    10862        0
 870.000    10876        0
 871.000    10889        0
 872.000    10900        0
 873.000    10913        0
 874.000    10924        0
 875.000    10935        0
 876.000    10948        0
 877.000    10961        0
 878.000    10974        0
 879.000    10985        0
 880.000    10999        0
 881.000    11012        0
 882.000    11030        0
 883.000    11041        0
 884.000    11058        0
 885.000    11069        0
 886.000    11086        0
 887.000    11096        0
 888.000    11106        0
 889.000    11117        0
 890.000    11133        0
 891.000    11151        0
 892.000    11157        0
 893.000    11168        0
 894.000    11181        0
 895.000    11194        0
 896.000    11207        0
 897.000    11220        0
 898.000    11235        0
 899.000    11248        0
 900.000    11259        0
 901.000    11273        0
 902.000    11286        0
 903.000    11302        0
 904.000    11319        0
 905.000    11333        0
 906.000    11344        0
 907.000    11360        0
 908.000    11371        0
 909.000    11387        0
 910.000    11396        0
 911.000    11411        0
 912.000    11425        0
 913.000    11433        0
 914.000    11443        0
 915.000    11449        0
 916.000    11458        0
 917.000    11471        0
 918.000    11492        0
 919.000    11507        0
 920.000    11520        0
 921.000    11533        0
 922.000    11544        0
 923.000    11553        0
 924.000    11561        0
 925.000    11572        0
 926.000    11588        0
 927.000    11602        0
 928.000    11615        0
 929.000    11624        0
 930.000    11633        0
 931.000    11647        0
 932.000    11653        0
 933.000    11665        0
 934.000    11675        0
 935.000    11692        0
 936.000    11701        0
 937.000    11713        0
 938.000    11726        0
 939.000    11735        0
 940.000    11740        0
 941.000    11754        0
 942.000    11767        0
 943.000    11777        0
 944.000    11790        0
 945.000    11805        0
 946.000    11815        0
 947.000    11824        0
 948.000    11841        0
 949.000    11859        0
 950.000    11874        0
 951.000    11887        0
 952.000    11898        0
 953.000    11915        0
 954.000    11933        0
 955.000    11945        0
 956.000    11963        0
 957.000    11970        0
 958.000    11984        0
 959.000    12001        0
 960.000    12015        0
 961.000    12028        0
 962.000    12039        0
 963.000    12051        0
 964.000    12064        0
 965.000    12072        0
 966.000    12082        0
 967.000    12090        0
 968.000    12100        0
 969.000    12106        0
 970.000    12118        0
 971.000    12134        0
 972.000    12151        0
 973.000    12167        0
 974.000    12173        0
 975.000    12182        0
 976.000    12190        0
 977.000    12198        0
 978.000    12204        0
 979.000    12213        0
 980.000    12223        0
 981.000    12226        0
 982.000    12234        0
 983.000    12243        0
 984.000    12254        0
 985.000    12259        0
 986.000    12268        0
 987.000    12271        0
 988.000    12276        0
 989.000    12281        0
 990.000    12287        0
 991.000    12293        0
 992.000    12301        0
 993.000    12306        0
 994.000    12307        0
 995.000    12310        0
 996.000    12317        0
 997.000    12323        0
 998.000    12332        0
 999.000    12336        0
1000.000    12341        0
1001.000    12349        0
1002.000    12361        0
1003.000    12367        0
1004.000    12372        0
1005.000    12378        0
1006.000    12386        0
1007.000    12396        0
1008.000    12401        0
1009.000    12408        0
1010.000    12412        0
1011.000    12417        0
1012.000    12421        0
1013.000    12430        0
1014.000    12432        0
1015.000    12435        0
1016.000    12439        0
1017.000    12443        0
1018.000    12445        0
1019.000    12452        0
1020.000    12456        0
1021.000    12457        0
1022.000    12459        0
1023.000    12461        0
1024.000    12464        0
1025.000    12469        0
1026.000    12471        0
1027.000    12473        0
1028.000    12475        0
1029.000    12478        0
1030.000    12481        0
1031.000    12484        0
1032.000    12487        0
1033.000    12488        0
1034.000    12489        0
1035.000    12492        0
1036.000    12494        0
1037.000    12496        0
1038.000    12496        0
1039.000    12497        0
1040.000    12498        0
1041.000    12498        0
1042.000    12499        0
1043.000    12499        0
1044.000    12499        0
1045.000    12499        0
1046.000    12499        0
1047.000    12499        0
1048.000    12499        0
1049.000    12499        0
1050.000    12499        0
1051.000    12499        0
1052.000    12499        0
1053.000    12499        0
1054.000    12499        0
1055.000    12499        0
1056.000    12499        0
1057.000    12499        0
1058.000    12499        0
1059.000    12499        0
1060.000    12499        0
1061.000    12499        0
1062.000    12499        0
1063.000    12499        0
1064.000    12499        0
1065.000    12499        0
1066.000    12499        0
1067.000    12499        0
1068.000    12499        0
1069.000    12499        0
1070.000    12499        0
1071.000    12499        0
1072.000    12499        0
1073.000    12499        0
1074.000    12499        0
1075.000    12499        0
1076.000    12499        0
1077.000    12499        0
1078.000    12499        0
1079.000    12499        0
1080.000    12499        0
1081.000    12499        0
1082.000    12499        0
1083.000    12499        0
1084.000    12499        0
1085.000    12499        0
1086.000    12499        0
1087.000    12499        0
1088.000    12499        0
1089.000    12499        0
1090.000    12499        0
1091.000    12499        0
1092.000    12499        0
1093.000    12499        0
1094.000    12499        0
1095.000    12499        0
1096.000    12499        0
1097.000    12499        0
1098.000    12499        0
1099.000    12499        0
1100.000    12499        0
1101.000    12499        0
1102.000    12499        0
1103.000    12499        0
1104.000    12499        0
1105.000    12499        0
1106.000    12499        0
1107.000    12499        0
1108.000    12499        0
1109.000    12499        0
1110.000    12499        0
1111.000    12499        0
1112.000    12499        0
1113.000    12499        0
1114.000    12499        0
1115.000    12499        0
1116.000    12499        0
1117.000    12499        0
1118.000    12499        0
1119.000    12499        0
1120.000    12499        0
1121.000    12499        0
1122.000    12499        0
1123.000    12499        0
1124.000    12499        0
1125.000    12499        0
1126.000    12499        0
1127.000    12499        0
1128.000    12499        0
1129.000    12499        0
1130.000    12499        0
1131.000    12499        0
1132.000    12499        0
1133.000    12499        0
1134.000    12499        0
1135.000    12499        0
1136.000    12499        0
1137.000    12499        0
1138.000    12499        0
1139.000    12499        0
1140.000    12499        0
1141.000    12499        0
1142.000    12499        0
1143.000    12499        0
1144.000    12499        0
1145.000    12499        0
1146.000    12499        0
1147.000    12499        0
1148.000    12499        0
1149.000    12499        0
1150.000    12499        0
1151.000    12499        0
1152.000    12499        0
1153.000    12499        0
1154.000    12499        0
1155.000    12499        0
1156.000    12499        0
1157.000    12499        0
1158.000    12499        0
1159.000    12499        0
1160.000    12499        0
1161.000    12499        0
1162.000    12499        0
1163.000    12499        0
1164.000    12499        0
1165.000    12499        0
1166.000    12499        0
1167.000    12499        0
1168.000    12499        0
1169.000    12499        0
1170.000    12499        0
1171.000    12499        0
1172.000    12499        0
1173.000    12499        0
1174.000    12499        0
1175.000    12499        0
1176.000    12499        0
1177.000    12499        0
1178.000    12499        0
1179.000    12499        0
1180.000    12499        0
1181.000    12499        0
1182.000    12499        0
1183.000    12499        0
1184.000    12499        0
1185.000    12499        0
1186.000    12499        0
1187.000    12499        0
1188.000    12499        0
1189.000    12499        0
1190.000    12499        0
1191.000    12499        0
1192.000    12499        0
1193.000    12499        0
1194.000    12499        0
1195.000    12499        0
1196.000    12499        0
1197.000    12499        0
1198.000    12499        0
1199.000    12499        0
1200.000    12499        0
1201.000    12499        0
1202.000    12499        0
1203.000    12499        0
1204.000    12499        0
1205.000    12499        0
1206.000    12499        0
1207.000    12499        0
1208.000    12499        0
1209.000    12499        0
1210.000    12499        0
1211.000    12499        0
1212.000    12499        0
1213.000    12499        0
1214.000    12499        0
1215.000    12499        0
1216.000    12499        0
1217.000    12499        0
1218.000    12499        0
1219.000    12499        0
1220.000    12499        0
1221.000    12499        0
1222.000    12499        0
1223.000    12499        0
1224.000    12499        0
1225.000    12499        0
1226.000    12499        0
1227.000    12499        0
1228.000    12499        0
1229.000    12499        0
1230.000    12499        0
1231.000    12499        0
1232.000    12499        0
1233.000    12499        0
1234.000    12499        0
1235.000    12499        0
1236.000    12499        0
1237.000    12499        0
1238.000    12499        0
1239.000    12499        0
1240.000    12499        0
1241.000    12499        0
1242.000    12499        0
1243.000    12499        0
1244.000    12499        0
1245.000    12499        0
1246.000    12499        0
1247.000    12499        0
1248.000    12499        0
1249.000    12499        0
1250.000    12499        0
1251.000    12499        0
1252.000    12499        0
1253.000    12499        0
1254.000    12499        0
1255.000    12499        0
1256.000    12499        0
1257.000    12499        0
1258.000    12499        0
1259.000    12499        0
1260.000    12499        0
1261.000    12499        0
1262.000    12499        0
1263.000    12499        0
1264.000    12499        0
1265.000    12499        0
1266.000    12499        0
1267.000    12499        0
1268.000    12499        0
1269.000    12499        0
1270.000    12499        0
1271.000    12499        0
1272.000    12499        0
1273.000    12499        0
1274.000    12499        0
1275.000    12499        0
1276.000    12499        0
1277.000    12499        0
1278.000    12499        0
1279.000    12499        0
1280.000    12499        0
1281.000    12499        0
1282.000    12499        0
1283.000    12499        0
1284.000    12499        0
1285.000    12499        0
1286.000    12499        0
1287.000    12499        0
1288.000    12499        0
1289.000    12499        0
1290.000    12499        0
1291.000    12499        0
1292.000    12499        0
1293.000    12499        0
1294.000    12499        0
1295.000    12499        0
1296.000    12499        0
1297.000    12499        0
1298.000    12499        0
1299.000    12499        0
1300.000    12499        0
1301.000    12499        0
1302.000    12499        0
1303.000    12499        0
1304.000    12499        0
1305.000    12499        0
1306.000    12499        0
1307.000    12499        0
1308.000    12499        0
1309.000    12499        0
1310.000    12499        0
1311.000    12499        0
1312.000    12499        0
1313.000    12499        0
1314.000    12499        0
1315.000    12499        0
1316.000    12499        0
1317.000    12499        0
1318.000    12499        0
1319.000    12499        0
1320.000    12499        0
1321.000    12499        0
1322.000    12499        0
1323.000    12499        0
1324.000    12499        0
1325.000    12499        0
1326.000    12499        0
1327.000    12499        0
1328.000    12499        0
1329.000    12499        0
1330.000    12499        0
1331.000    12499        0
1332.000    12499        0
1333.000    12499        0
1334.000    12499        0
1335.000    12499        0
1336.000    12499        0
1337.000    12499        0
1338.000    12499        0
1339.000    12499        0
1340.000    12499        0
1341.000    12499        0
1342.000    12499        0
1343.000    12499        0
1344.000    12499        0
1345.000    12499        0
1346.000    12499        0
1347.000    12499        0
1348.000    12499        0
1349.000    12499        0
1350.000    12499        0
1351.000    12499        0
1352.000    12499        0
1353.000    12499        0
1354.000    12499        0
1355.000    12499        0
1356.000    12499        0
1357.000    12499        0
1358.000    12499        0
1359.000    12499        0
1360.000    12499        0
1361.000    12499        0
1362.000    12499        0
1363.000    12499        0
1364.000    12499        0
1365.000    12499        0
1366.000    12499        0
1367.000    12499        0
1368.000    12499        0
1369.000    12499        0
1370.000    12499        0
1371.000    12499        0
1372.000    12499        0
1373.000    12499        0
1374.000    12499        0
1375.000    12499        0
1376.000    12499        0
1377.000    12499        0
1378.000    12499        0
1379.000    12499        0
1380.000    12499        0
1381.000    12499        0
1382.000    12499        0
1383.000    12499        0
1384.000    12499        0
1385.000    12499        0
1386.000    12499        0
1387.000    12499        0
1388.000    12499        0
1389.000    12499        0
1390.000    12499        0
1391.000    12499        0
1392.000    12499        0
1393.000    12499        0
1394.000    12499        0
1395.000    12499        0
1396.000    12499        0
1397.000    12499        0
1398.000    12499        0
1399.000    12499        0
1400.000    12499        0
1401.000    12499        0
1402.000    12499        0
1403.000    12499        0
1404.000    12499        0
1405.000    12499        0
1406.000    12499        0
1407.000    12499        0
1408.000    12499        0
1409.000    12499        0
1410.000    12499        0
1411.000    12499        0
1412.000    12499        0
1413.000    12499        0
1414.000    12499        0
1415.000    12499        0
1416.000    12499        0
1417.000    12499        0
1418.000    12499        0
1419.000    12499        0
1420.000    12499        0
1421.000    12499        0
1422.000    12499        0
1423.000    12499        0
1424.000    12499        0
1425.000    12499        0
1426.000    12499        0
1427.000    12499        0
1428.000    12499        0
1429.000    12499        0
1430.000    12499        0
1431.000    12499        0
1432.000    12499        0
1433.000    12499        0
1434.000    12499        0
1435.000    12499        0
1436.000    12499        0
1437.000    12499        0
1438.000    12499        0
1439.000    12499        0
1440.000    12499        0
1441.000    12499        0
1442.000    12499        0
1443.000    12499        0
1444.000    12499        0
1445.000    12499        0
1446.000    12499        0
1447.000    12499        0
1448.000    12499        0
1449.000    12499        0
1450.000    12499        0
1451.000    12499        0
1452.000    12499        0
1453.000    12499        0
1454.000    12499        0
1455.000    12499        0
1456.000    12499        0
1457.000    12499        0
1458.000    12499        0
1459.000    12499        0
1460.000    12499        0
1461.000    12499        0
1462.000    12499        0
1463.000    12499        0
1464.000    12499        0
1465.000    12499        0
1466.000    12499        0
1467.000    12499        0
1468.000    12499        0
1469.000    12499        0
1470.000    12499        0
1471.000    12499        0
1472.000    12499        0
1473.000    12499        0
1474.000    12499        0
1475.000    12499        0
1476.000    12499        0
1477.000    12499        0
1478.000    12499        0
1479.000    12499        0
1480.000    12499        0
1481.000    12499        0
1482.000    12499        0
1483.000    12499        0
1484.000    12499        0
1485.000    12499        0
1486.000    12499        0
1487.000    12499        0
1488.000    12499        0
1489.000    12499        0
1490.000    12499        0
1491.000    12499        0
1492.000    12499        0
1493.000    12499        0
1494.000    12499        0
1495.000    12499        0
1496.000    12499        0
1497.000    12499        0
1498.000    12499        0
1499.000    12499        0
1500.000    12499        0
1501.000    12499        0
1502.000    12499        0
1503.000    12499        0
1504.000    12499        0
1505.000    12499        0
1506.000    12499        0
1507.000    12499        0
1508.000    12499        0
1509.000    12499        0
1510.000    12499        0
1511.000    12499        0
1512.000    12499        0
1513.000    12499        0
1514.000    12499        0
1515.000    12499        0
1516.000    12499        0
1517.000    12499        0
1518.000    12499        0
1519.000    12499        0
1520.000    12499        0
1521.000    12499        0
1522.000    12499        0
1523.000    12499        0
1524.000    12499        0
1525.000    12499        0
1526.000    12499        0
1527.000    12499        0
1528.000    12499        0
1529.000    12499        0
1530.000    12499        0
1531.000    12499        0
1532.000    12499        0
1533.000    12499        0
1534.000    12499        0
1535.000    12499        0
1536.000    12499        0
1537.000    12499        0
1538.000    12499        0
1539.000    12499        0
1540.000    12499        0
1541.000    12499        0
1542.000    12499        0
1543.000    12499        0
1544.000    12499        0
1545.000    12499        0
1546.000    12499        0
1547.000    12499        0
1548.000    12499        0
1549.000    12499        0
1550.000    12499        0
1551.000    12499        0
1552.000    12499        0
1553.000    12499        0
1554.000    12499        0
1555.000    12499        0
1556.000    12499        0
1557.000    12499        0
1558.000    12499        0
1559.000    12499        0
1560.000    12499        0
1561.000    12499        0
1562.000    12499        0
1563.000    12499        0
1564.000    12499        0
1565.000    12499        0
1566.000    12499        0
1567.000    12499        0
1568.000    12499        0
1569.000    12499        0
1570.000    12499        0
1571.000    12499        0
1572.000    12499        0
1573.000    12499        0
1574.000    12499        0
1575.000    12499        0
1576.000    12499        0
1577.000    12499        0
1578.000    12499        0
1579.000    12499        0
1580.000    12499        0
1581.000    12499        0
1582.000    12499        0
1583.000    12499        0
1584.000    12499        0
1585.000    12499        0
1586.000    12499        0
1587.000    12499        0
1588.000    12499        0
1589.000    12499        0
1590.000    12499        0
1591.000    12499        0
1592.000    12499        0
1593.000    12499        0
1594.000    12499        0
1595.000    12499        0
1596.000    12499        0
1597.000    12499        0
1598.000    12499        0
1599.000    12499        0
1600.000    12499        0
1601.000    12499        0
1602.000    12499        0
1603.000    12499        0
1604.000    12499        0
1605.000    12499        0
1606.000    12499        0
1607.000    12499        0
1608.000    12499        0
1609.000    12499        0
1610.000    12499        0
1611.000    12499        0
1612.000    12499        0
1613.000    12499        0
1614.000    12499        0
1615.000    12499        0
1616.000    12499        0
1617.000    12499        0
1618.000    12499        0
1619.000    12499        0
1620.000    12499        0
1621.000    12499        0
1622.000    12499        0
1623.000    12499        0
1624.000    12499        0
1625.000    12499        0
1626.000    12499        0
1627.000    12499        0
1628.000    12499        0
1629.000    12499        0
1630.000    12499        0
1631.000    12499        0
1632.000    12499        0
1633.000    12499        0
1634.000    12499        0
1635.000    12499        0
1636.000    12499        0
1637.000    12499        0
1638.000    12499        0
1639.000    12499        0
1640.000    12499        0
1641.000    12499        0
1642.000    12499        0
1643.000    12499        0
1644.000    12499        0
1645.000    12499        0
1646.000    12499        0
1647.000    12499        0
1648.000    12499        0
1649.000    12499        0
1650.000    12499        0
1651.000    12499        0
1652.000    12499        0
1653.000    12499        0
1654.000    12499        0
1655.000    12499        0
1656.000    12499        0
1657.000    12499        0
1658.000    12499        0
1659.000    12499        0
1660.000    12499        0
1661.000    12499        0
1662.000    12499        0
1663.000    12499        0
1664.000    12499        0
1665.000    12499        0
1666.000    12499        0
1667.000    12499        0
1668.000    12499        0
1669.000    12499        0
1670.000    12499        0
1671.000    12499        0
1672.000    12499        0
1673.000    12499        0
1674.000    12499        0
1675.000    12499        0
1676.000    12499        0
1677.000    12499        0
1678.000    12499        0
1679.000    12499        0
1680.000    12499        0
1681.000    12499        0
1682.000    12499        0
1683.000    12499        0
1684.000    12499        0
1685.000    12499        0
1686.000    12499        0
1687.000    12499        0
1688.000    12499        0
1689.000    12499        0
1690.000    12499        0
1691.000    12499        0
1692.000    12499        0
1693.000    12499        0
1694.000    12499        0
1695.000    12499        0
1696.000    12499        0
1697.000    12499        0
1698.000    12499        0
1699.000    12499        0
1700.000    12499        0
1701.000    12499        0
1702.000    12499        0
1703.000    12499        0
1704.000    12499        0
1705.000    12499        0
1706.000    12499        0
1707.000    12499        0
1708.000    12499        0
1709.000    12499        0
1710.000    12499        0
1711.000    12499        0
1712.000    12499        0
1713.000    12499        0
1714.000    12499        0
1715.000    12499        0
1716.000    12499        0
1717.000    12499        0
1718.000    12499        0
1719.000    12499        0
1720.000    12499        0
1721.000    12499        0
1722.000    12499        0
1723.000    12499        0
1724.000    12499        0
1725.000    12499        0
1726.000    12499        0
1727.000    12499        0
1728.000    12499        0
1729.000    12499        0
1730.000    12499        0
1731.000    12499        0
1732.000    12499        0
1733.000    12499        0
1734.000    12499        0
1735.000    12499        0
1736.000    12499        0
1737.000    12499        0
1738.000    12499        0
1739.000    12499        0
1740.000    12499        0
1741.000    12499        0
1742.000    12499        0
1743.000    12499        0
1744.000    12499        0
1745.000    12499        0
1746.000    12499        0
1747.000    12499        0
1748.000    12499        0
1749.000    12499        0
1750.000    12499        0
1751.000    12499        0
1752.000    12499        0
1753.000    12499        0
1754.000    12499        0
1755.000    12499        0
1756.000    12499        0
1757.000    12499        0
1758.000    12499        0
1759.000    12499        0
1760.000    12499        0
1761.000    12499        0
1762.000    12499        0
1763.000    12499        0
1764.000    12499        0
1765.000    12499        0
1766.000    12499        0
1767.000    12499        0
1768.000    12499        0
1769.000    12499        0
1770.000    12499        0
1771.000    12499        0
1772.000    12499        0
1773.000    12499        0
1774.000    12499        0
1775.000    12499        0
1776.000    12499        0
1777.000    12499        0
1778.000    12499        0
1779.000    12499        0
1780.000    12499        0
1781.000    12499        0
1782.000    12499        0
1783.000    12499        0
1784.000    12499        0
1785.000    12499        0
1786.000    12499        0
1787.000    12499        0
1788.000    12499        0
1789.000    12499        0
1790.000    12499        0
1791.000    12499        0
1792.000    12499        0
1793.000    12499        0
1794.000    12499        0
1795.000    12499        0
1796.000    12499        0
1797.000    12499        0
1798.000    12499        0
1799.000    12499        0
1800.000    12499        0
1801.000    12499        0
1802.000    12499        0
1803.000    12499        0
1804.000    12499        0
1805.000    12499        0
1806.000    12499        0
1807.000    12499        0
1808.000    12499        0
1809.000    12499        0
1810.000    12499        0
1811.000    12499        0
1812.000    12499        0
1813.000    12499        0
1814.000    12499        0
1815.000    12499        0
1816.000    12499        0
1817.000    12499        0
1818.000    12499        0
1819.000    12499        0
1820.000    12499        0
1821.000    12499        0
1822.000    12499        0
1823.000    12499        0
1824.000    12499        0
1825.000    12499        0
1826.000    12499        0
1827.000    12499        0
1828.000    12499        0
1829.000    12499        0
1830.000    12499        0
1831.000    12499        0
1832.000    12499        0
1833.000    12499        0
1834.000    12499        0
1835.000    12499        0
1836.000    12499        0
1837.000    12499        0
1838.000    12499        0
1839.000    12499        0
1840.000    12499        0
1841.000    12499        0
1842.000    12499        0
1843.000    12499        0
1844.000    12499        0
1845.000    12499        0
1846.000    12499        0
1847.000    12499        0
1848.000    12499        0
1849.000    12499        0
1850.000    12499        0
1851.000    12499        0
1852.000    12499        0
1853.000    12499        0
1854.000    12499        0
1855.000    12499        0
1856.000    12499        0
1857.000    12499        0
1858.000    12499        0
1859.000    12499        0
1860.000    12499        0
1861.000    12499        0
1862.000    12499        0
1863.000    12499        0
1864.000    12499        0
1865.000    12499        0
1866.000    12499        0
1867.000    12499        0
1868.000    12499        0
1869.000    12499        0
1870.000    12499        0
1871.000    12499        0
1872.000    12499        0
1873.000    12499        0
1874.000    12499        0
1875.000    12499        0
1876.000    12499        0
1877.000    12499        0
1878.000    12499        0
1879.000    12499        0
1880.000    12499        0
1881.000    12499        0
1882.000    12499        0
1883.000    12499        0
1884.000    12499        0
1885.000    12499        0
1886.000    12499        0
1887.000    12499        0
1888.000    12499        0
1889.000    12499        0
1890.000    12499        0
1891.000    12499        0
1892.000    12499        0
1893.000    12499        0
1894.000    12499        0
1895.000    12499        0
1896.000    12499        0
1897.000    12499        0
1898.000    12499        0
1899.000    12499        0
1900.000    12499        0
1901.000    12499        0
1902.000    12499        0
1903.000    12499        0
1904.000    12499        0
1905.000    12499        0
1906.000    12499        0
1907.000    12499        0
1908.000    12499        0
1909.000    12499        0
1910.000    12499        0
1911.000    12499        0
1912.000    12499        0
1913.000    12499        0
1914.000    12499        0
1915.000    12499        0
1916.000    12499        0
1917.000    12499        0
1918.000    12499        0
1919.000    12499        0
1920.000    12499        0
1921.000    12499        0
1922.000    12499        0
1923.000    12499        0
1924.000    12499        0
1925.000    12499        0
1926.000    12499        0
1927.000    12499        0
1928.000    12499        0
1929.000    12499        0
1930.000    12499        0
1931.000    12499        0
1932.000    12499        0
1933.000    12499        0
1934.000    12499        0
1935.000    12499        0
1936.000    12499        0
1937.000    12499        0
1938.000    12499        0
1939.000    12499        0
1940.000    12499        0
1941.000    12499        0
1942.000    12499        0
1943.000    12499        0
1944.000    12499        0
1945.000    12499        0
1946.000    12499        0
1947.000    12499        0
1948.000    12499        0
1949.000    12499        0
1950.000    12499        0
1951.000    12499        0
1952.000    12499        0
1953.000    12499        0
1954.000    12499        0
1955.000    12499        0
1956.000    12499        0
1957.000    12499        0
1958.000    12499        0
1959.000    12499        0
1960.000    12499        0
1961.000    12499        0
1962.000    12499        0
1963.000    12499        0
1964.000    12499        0
1965.000    12499        0
1966.000    12499        0
1967.000    12499        0
1968.000    12499        0
1969.000    12499        0
1970.000    12499        0
1971.000    12499        0
1972.000    12499        0
1973.000    12499        0
1974.000    12499        0
1975.000    12499        0
1976.000    12499        0
1977.000    12499        0
1978.000    12499        0
1979.000    12499        0
1980.000    12499        0
1981.000    12499        0
1982.000    12499        0
1983.000    12499        0
1984.000    12499        0
1985.000    12499        0
1986.000    12499        0
1987.000    12499        0
1988.000    12499        0
1989.000    12499        0
1990.000    12499        0
1991.000    12499        0
1992.000    12499        0
1993.000    12499        0
1994.000    12499        0
1995.000    12499        0
1996.000    12499        0
1997.000    12499        0
1998.000    12499        0
1999.000    12499        0
2000.000    12499        0
